314159
535897
238462
338327
028841
169399
510582
749445
307816
628620
986280
825342
706798
480865
282306
709384
095505
231725
940812
811174
284102
193852
055596
622948
493038
644288
975665
344612
756482
786783
527120
091456
566923
034861
543266
213393
726024
412737
587006
631558
748815
920962
925409
153643
892590
001133
305488
466521
414695
415116
433057
036575
919530
186117
193261
931051
548074
237996
495673
885752
489122
381830
949129
367336
406566
086021
494639
247371
702179
094370
705392
176293
675238
748184
669405
200056
271452
560827
577134
577896
173637
872146
409012
953430
654958
710507
279689
892354
199561
129021
086403
181598
629774
130996
187072
349999
837297
499510
731732
609631
950244
455346
830264
223082
344685
526193
881710
003137
875288
875332
381420
717766
473035
253490
875546
311595
863882
378759
519577
857780
217122
066130
927876
119590
164201
938095
720106
858632
865936
338182
682303
952035
185296
957736
599413
124972
752834
131515
485724
541506
950829
311686
278558
075098
175463
649393
255060
092770
711390
848824
285836
035637
660104
018194
555961
946767
744944
553797
726847
404753
462080
684259
949129
136770
989152
475216
569660
058038
019351
533824
035587
024749
732639
199272
426992
967823
781636
934172
412199
586315
028618
745557
749838
549458
869269
690927
079750
029553
165344
720275
602364
665499
988183
977535
369807
654252
625518
417574
289097
727938
081647
001614
491921
217214
235014
419735
548161
115735
521334
741849
843852
239073
143334
776241
625189
569485
209921
221842
550254
688767
904946
653466
498862
327917
085784
382796
766814
100953
378636
506800
225125
511739
848960
128488
694560
419652
022210
118630
442786
039194
504712
137869
956364
191728
677646
573962
389086
326459
813390
802759
994657
078951
946839
525957
825822
052248
077267
478268
260147
909026
136394
745530
682034
252451
939965
314298
190659
093722
964615
709858
741059
859597
975498
016175
284681
268683
894277
559918
925245
395943
499725
680845
727364
958486
836736
262609
246080
243884
045124
365497
780797
569143
977001
616089
169486
558484
353422
222582
886481
456028
601684
394522
467678
525213
225499
666727
398645
961163
886230
745649
355936
568174
411251
760694
451096
609402
288797
893145
913686
287489
560101
330861
286809
874760
782493
890097
909675
526136
497818
129784
168299
487226
804857
401427
775551
379641
152374
343645
858444
526586
210511
354735
952311
271661
135969
623144
524849
187110
576540
902799
403742
731057
390621
387447
847848
833214
713868
194350
302184
191048
100537
146806
919278
119793
520614
663428
444064
451237
192179
839101
195618
675142
123974
409071
494231
156794
080951
550225
160388
301420
762137
595663
377870
039069
207734
221825
599661
142150
680384
734549
260541
659252
497442
073251
660021
434088
071048
317346
651453
579626
610055
106658
699816
747363
052571
910289
641401
971206
043903
595156
157700
033786
360072
558763
635942
731251
120532
819182
861258
321579
841484
291644
609575
069572
917567
672291
816909
280173
671274
832228
835209
396572
210835
151369
209144
100675
334671
314126
113699
658516
831501
016515
685171
765761
515565
849099
859982
734552
316355
647918
589322
854896
132933
985706
046752
070915
141654
594616
180270
199430
244889
571282
059232
260972
712084
357326
893823
193259
636673
836041
813883
203824
375898
437441
291327
618093
344403
074692
201913
033038
976211
100449
321516
424448
637669
895228
478312
526582
144957
572624
441893
968642
434107
226978
807318
544110
446823
271620
526522
111660
666557
925471
557853
346682
531098
526918
056476
125705
356620
558100
936065
764861
910453
885034
136576
753249
166803
265797
718556
455296
126654
530614
443185
769751
661406
070023
776591
401712
947042
622305
994561
407112
004078
733269
908145
646458
797270
668306
328587
698305
580893
657574
795457
377525
021149
761581
025012
285941
216471
097925
309907
547376
551765
513575
829666
477917
011299
489030
399471
962107
043751
573596
589019
971311
904297
856475
203198
151402
080859
480109
214722
179476
772622
425485
403321
185306
228813
850430
321751
979866
371721
160771
925474
389866
949450
465406
433663
790039
926567
463853
736096
120918
638327
641627
888007
925602
228472
403172
860820
900042
661711
377921
757511
595015
049631
294726
736425
081770
751590
350235
283540
704038
435136
224771
915049
098444
333096
087807
325993
805419
144737
418426
298608
988868
132604
156951
396586
730216
598193
516735
129741
729478
242292
543668
980676
823828
899640
824354
701416
496589
409243
789690
697794
362508
168895
837986
001593
647165
289357
015881
755782
352334
042815
627203
431465
977774
031990
554187
979293
419521
134189
854447
567383
249934
131814
927777
386387
431772
545654
220777
212019
166096
049092
601975
828161
231666